0.00    0
0.70    0
1.40    0
2.10    0
2.80    0
3.50    0
4.20    0
4.90    0
5.60    0
6.30    0
7.00    0
7.70    0
8.40    0
9.10    0
9.80    0
10.50    0
11.20    0
11.90    0
12.60    0
13.30    0
14.00    0
14.70    0
15.40    0
16.10    0
16.80    0
17.50    0
18.20    0
18.90    0
19.60    0
20.30    0
21.00    0
21.70    0
22.40    0
23.10    0
23.80    0
24.50    0
25.20    0
25.90    0
26.60    0
27.30    0
28.00    0
28.70    0
29.40    0
30.10    0
30.80    0
31.50    0
32.20    0
32.90    0
33.60    0
34.30    0
35.00    0
35.70    0
36.40    0
37.10    0
37.80    0
38.50    0
39.20    0
39.90    0
40.60    0
41.30    0
42.00    0
42.70    0
43.40    0
44.10    0
44.80    0
45.50    0
46.20    0
46.90    0
47.60    0
48.30    0
49.00    0
49.70    0
50.40    0
51.10    0
51.80    0
52.50    0
53.20    0
53.90    0
54.60    0
55.30    0
56.00    0
56.70    0
57.40    0
58.10    0
58.80    0
59.50    0
60.20    0
60.90    0
61.60    0
62.30    0
63.00    0
63.70    0
64.40    0
65.10    0
65.80    0
66.50    0
67.20    0
67.90    0
68.60    0
69.30    0
70.00    0
70.70    0
71.40    0
72.10    0
72.80    0
73.50    0
74.20    0
74.90    0
75.60    0
76.30    0
77.00    0
77.70    0
78.40    0
79.10    0
79.80    0
80.50    0
81.20    0
81.90    0
82.60    0
83.30    0
84.00    0
84.70    0
85.40    0
86.10    0
86.80    0
87.50    0
88.20    0
88.90    0
89.60    0
90.30    0
91.00    0
91.70    0
92.40    0
93.10    0
93.80    0
94.50    0
95.20    0
95.90    0
96.60    0
97.30    0
98.00    0
98.70    0
99.40    0
100.10    0
100.80    0
101.50    0
102.20    0
102.90    0
103.60    0
104.30    0
105.00    0
105.70    0
106.40    0
107.10    0
107.80    0
108.50    0
109.20    0
109.90    0
110.60    0
111.30    0
112.00    0
112.70    0
113.40    0
114.10    0
114.80    0
115.50    0
116.20    0
116.90    0
117.60    0
118.30    0
119.00    0
119.70    0
120.40    0
121.10    0
121.80    0
122.50    0
123.20    0
123.90    0
124.60    0
125.30    0
126.00    0
126.70    0
127.40    0
128.10    0
128.80    0
129.50    0
130.20    0
130.90    0
131.60    0
132.30    0
133.00    0
133.70    0
134.40    0
135.10    0
135.80    0
136.50    0
137.20    0
137.90    0
138.60    0
139.30    0
